(kicad_pcb (version 20171130) (host pcbnew 5.0.0)

  (general
    (thickness 1.6)
    (drawings 0)
    (tracks 0)
    (zones 0)
    (modules 55)
    (nets 59)
  )

  (page A4)
  (layers
    (0 F.Cu signal)
    (31 B.Cu signal)
    (32 B.Adhes user)
    (33 F.Adhes user)
    (34 B.Paste user)
    (35 F.Paste user)
    (36 B.SilkS user)
    (37 F.SilkS user)
    (38 B.Mask user)
    (39 F.Mask user)
    (40 Dwgs.User user)
    (41 Cmts.User user)
    (42 Eco1.User user)
    (43 Eco2.User user)
    (44 Edge.Cuts user)
    (45 Margin user)
    (46 B.CrtYd user)
    (47 F.CrtYd user)
    (48 B.Fab user)
    (49 F.Fab user)
  )

  (setup
    (last_trace_width 0.25)
    (trace_clearance 0.2)
    (zone_clearance 0.508)
    (zone_45_only no)
    (trace_min 0.2)
    (segment_width 0.2)
    (edge_width 0.15)
    (via_size 0.8)
    (via_drill 0.4)
    (via_min_size 0.4)
    (via_min_drill 0.3)
    (uvia_size 0.3)
    (uvia_drill 0.1)
    (uvias_allowed no)
    (uvia_min_size 0.2)
    (uvia_min_drill 0.1)
    (pcb_text_width 0.3)
    (pcb_text_size 1.5 1.5)
    (mod_edge_width 0.15)
    (mod_text_size 1 1)
    (mod_text_width 0.15)
    (pad_size 1.524 1.524)
    (pad_drill 0.762)
    (pad_to_mask_clearance 0.2)
    (aux_axis_origin 0 0)
    (visible_elements FFFFFF7F)
    (pcbplotparams
      (layerselection 0x010fc_ffffffff)
      (usegerberextensions false)
      (usegerberattributes false)
      (usegerberadvancedattributes false)
      (creategerberjobfile false)
      (excludeedgelayer true)
      (linewidth 0.100000)
      (plotframeref false)
      (viasonmask false)
      (mode 1)
      (useauxorigin false)
      (hpglpennumber 1)
      (hpglpenspeed 20)
      (hpglpendiameter 15.000000)
      (psnegative false)
      (psa4output false)
      (plotreference true)
      (plotvalue true)
      (plotinvisibletext false)
      (padsonsilk false)
      (subtractmaskfromsilk false)
      (outputformat 1)
      (mirror false)
      (drillshape 1)
      (scaleselection 1)
      (outputdirectory ""))
  )

  (net 0 "")
  (net 1 GND)
  (net 2 +12V)
  (net 3 +5V)
  (net 4 +3V3)
  (net 5 "Net-(J11-Pad4)")
  (net 6 "Net-(J12-Pad4)")
  (net 7 "Net-(J12-Pad2)")
  (net 8 "Net-(J31-Pad2)")
  (net 9 "Net-(J31-Pad3)")
  (net 10 "Net-(J31-Pad4)")
  (net 11 "Net-(J41-Pad4)")
  (net 12 "Net-(J42-Pad2)")
  (net 13 "Net-(J42-Pad4)")
  (net 14 "Net-(J43-Pad4)")
  (net 15 "Net-(J43-Pad2)")
  (net 16 "Net-(J44-Pad4)")
  (net 17 "Net-(J44-Pad2)")
  (net 18 "Net-(J51-Pad2)")
  (net 19 "Net-(J61-Pad4)")
  (net 20 "Net-(J61-Pad6)")
  (net 21 "Net-(J61-Pad7)")
  (net 22 "Net-(J61-Pad8)")
  (net 23 /6)
  (net 24 /10)
  (net 25 /16)
  (net 26 /17)
  (net 27 /20)
  (net 28 /21)
  (net 29 /22)
  (net 30 /23)
  (net 31 "Net-(JP1-Pad1)")
  (net 32 "Net-(JP21-Pad1)")
  (net 33 "Net-(JP22-Pad2)")
  (net 34 "Net-(R23-Pad1)")
  (net 35 "Net-(U1-Pad18)")
  (net 36 "Net-(U1-Pad15)")
  (net 37 "Net-(U1-Pad32)")
  (net 38 "Net-(U1-Pad11)")
  (net 39 "Net-(U1-Pad10)")
  (net 40 "Net-(U1-Pad7)")
  (net 41 "Net-(U1-Pad6)")
  (net 42 "Net-(U1-Pad5)")
  (net 43 "Net-(U1-Pad4)")
  (net 44 "Net-(U1-Pad3)")
  (net 45 "Net-(U2-Pad5)")
  (net 46 /CAN-)
  (net 47 /CAN+)
  (net 48 /OW14)
  (net 49 /SDA)
  (net 50 /SCL)
  (net 51 /D1+)
  (net 52 /D1-)
  (net 53 /D2+)
  (net 54 /D3+)
  (net 55 /D4+)
  (net 56 /SCL0_16)
  (net 57 /DI1_7)
  (net 58 /RX1)

  (net_class Default "This is the default net class."
    (clearance 0.2)
    (trace_width 0.25)
    (via_dia 0.8)
    (via_drill 0.4)
    (uvia_dia 0.3)
    (uvia_drill 0.1)
    (add_net +12V)
    (add_net +3V3)
    (add_net +5V)
    (add_net /10)
    (add_net /16)
    (add_net /17)
    (add_net /20)
    (add_net /21)
    (add_net /22)
    (add_net /23)
    (add_net /6)
    (add_net /CAN+)
    (add_net /CAN-)
    (add_net /D1+)
    (add_net /D1-)
    (add_net /D2+)
    (add_net /D3+)
    (add_net /D4+)
    (add_net /DI1_7)
    (add_net /OW14)
    (add_net /RX1)
    (add_net /SCL)
    (add_net /SCL0_16)
    (add_net /SDA)
    (add_net GND)
    (add_net "Net-(J11-Pad4)")
    (add_net "Net-(J12-Pad2)")
    (add_net "Net-(J12-Pad4)")
    (add_net "Net-(J31-Pad2)")
    (add_net "Net-(J31-Pad3)")
    (add_net "Net-(J31-Pad4)")
    (add_net "Net-(J41-Pad4)")
    (add_net "Net-(J42-Pad2)")
    (add_net "Net-(J42-Pad4)")
    (add_net "Net-(J43-Pad2)")
    (add_net "Net-(J43-Pad4)")
    (add_net "Net-(J44-Pad2)")
    (add_net "Net-(J44-Pad4)")
    (add_net "Net-(J51-Pad2)")
    (add_net "Net-(J61-Pad4)")
    (add_net "Net-(J61-Pad6)")
    (add_net "Net-(J61-Pad7)")
    (add_net "Net-(J61-Pad8)")
    (add_net "Net-(JP1-Pad1)")
    (add_net "Net-(JP21-Pad1)")
    (add_net "Net-(JP22-Pad2)")
    (add_net "Net-(R23-Pad1)")
    (add_net "Net-(U1-Pad10)")
    (add_net "Net-(U1-Pad11)")
    (add_net "Net-(U1-Pad15)")
    (add_net "Net-(U1-Pad18)")
    (add_net "Net-(U1-Pad3)")
    (add_net "Net-(U1-Pad32)")
    (add_net "Net-(U1-Pad4)")
    (add_net "Net-(U1-Pad5)")
    (add_net "Net-(U1-Pad6)")
    (add_net "Net-(U1-Pad7)")
    (add_net "Net-(U2-Pad5)")
  )

  (module Capacitor_SMD:C_0805_2012Metric_Pad1.15x1.40mm_HandSolder (layer F.Cu) (tedit 5B36C52B) (tstamp 5C144419)
    (at 165.755001 104.825001)
    (descr "Capacitor SMD 0805 (2012 Metric), square (rectangular) end terminal, IPC_7351 nominal with elongated pad for handsoldering. (Body size source: https://docs.google.com/spreadsheets/d/1BsfQQcO9C6DZCsRaXUlFlo91Tg2WpOkGARC1WS5S8t0/edit?usp=sharing), generated with kicad-footprint-generator")
    (tags "capacitor handsolder")
    (path /5BE5ACAA)
    (attr smd)
    (fp_text reference C3 (at 0 -1.65) (layer F.SilkS)
      (effects (font (size 1 1) (thickness 0.15)))
    )
    (fp_text value C (at 0 1.65) (layer F.Fab)
      (effects (font (size 1 1) (thickness 0.15)))
    )
    (fp_line (start -1 0.6) (end -1 -0.6) (layer F.Fab) (width 0.1))
    (fp_line (start -1 -0.6) (end 1 -0.6) (layer F.Fab) (width 0.1))
    (fp_line (start 1 -0.6) (end 1 0.6) (layer F.Fab) (width 0.1))
    (fp_line (start 1 0.6) (end -1 0.6) (layer F.Fab) (width 0.1))
    (fp_line (start -0.261252 -0.71) (end 0.261252 -0.71) (layer F.SilkS) (width 0.12))
    (fp_line (start -0.261252 0.71) (end 0.261252 0.71) (layer F.SilkS) (width 0.12))
    (fp_line (start -1.85 0.95) (end -1.85 -0.95) (layer F.CrtYd) (width 0.05))
    (fp_line (start -1.85 -0.95) (end 1.85 -0.95) (layer F.CrtYd) (width 0.05))
    (fp_line (start 1.85 -0.95) (end 1.85 0.95) (layer F.CrtYd) (width 0.05))
    (fp_line (start 1.85 0.95) (end -1.85 0.95) (layer F.CrtYd) (width 0.05))
    (fp_text user %R (at 0 0) (layer F.Fab)
      (effects (font (size 0.5 0.5) (thickness 0.08)))
    )
    (pad 1 smd roundrect (at -1.025 0) (size 1.15 1.4) (layers F.Cu F.Paste F.Mask) (roundrect_rratio 0.217391)
      (net 3 +5V))
    (pad 2 smd roundrect (at 1.025 0) (size 1.15 1.4) (layers F.Cu F.Paste F.Mask) (roundrect_rratio 0.217391)
      (net 1 GND))
    (model ${KISYS3DMOD}/Capacitor_SMD.3dshapes/C_0805_2012Metric.wrl
      (at (xyz 0 0 0))
      (scale (xyz 1 1 1))
      (rotate (xyz 0 0 0))
    )
  )

  (module Capacitor_SMD:C_0805_2012Metric_Pad1.15x1.40mm_HandSolder (layer F.Cu) (tedit 5B36C52B) (tstamp 5C14442A)
    (at 183.125001 85.335001)
    (descr "Capacitor SMD 0805 (2012 Metric), square (rectangular) end terminal, IPC_7351 nominal with elongated pad for handsoldering. (Body size source: https://docs.google.com/spreadsheets/d/1BsfQQcO9C6DZCsRaXUlFlo91Tg2WpOkGARC1WS5S8t0/edit?usp=sharing), generated with kicad-footprint-generator")
    (tags "capacitor handsolder")
    (path /5BE73626)
    (attr smd)
    (fp_text reference C4 (at 0 -1.65) (layer F.SilkS)
      (effects (font (size 1 1) (thickness 0.15)))
    )
    (fp_text value C (at 0 1.65) (layer F.Fab)
      (effects (font (size 1 1) (thickness 0.15)))
    )
    (fp_text user %R (at 0 0) (layer F.Fab)
      (effects (font (size 0.5 0.5) (thickness 0.08)))
    )
    (fp_line (start 1.85 0.95) (end -1.85 0.95) (layer F.CrtYd) (width 0.05))
    (fp_line (start 1.85 -0.95) (end 1.85 0.95) (layer F.CrtYd) (width 0.05))
    (fp_line (start -1.85 -0.95) (end 1.85 -0.95) (layer F.CrtYd) (width 0.05))
    (fp_line (start -1.85 0.95) (end -1.85 -0.95) (layer F.CrtYd) (width 0.05))
    (fp_line (start -0.261252 0.71) (end 0.261252 0.71) (layer F.SilkS) (width 0.12))
    (fp_line (start -0.261252 -0.71) (end 0.261252 -0.71) (layer F.SilkS) (width 0.12))
    (fp_line (start 1 0.6) (end -1 0.6) (layer F.Fab) (width 0.1))
    (fp_line (start 1 -0.6) (end 1 0.6) (layer F.Fab) (width 0.1))
    (fp_line (start -1 -0.6) (end 1 -0.6) (layer F.Fab) (width 0.1))
    (fp_line (start -1 0.6) (end -1 -0.6) (layer F.Fab) (width 0.1))
    (pad 2 smd roundrect (at 1.025 0) (size 1.15 1.4) (layers F.Cu F.Paste F.Mask) (roundrect_rratio 0.217391)
      (net 1 GND))
    (pad 1 smd roundrect (at -1.025 0) (size 1.15 1.4) (layers F.Cu F.Paste F.Mask) (roundrect_rratio 0.217391)
      (net 3 +5V))
    (model ${KISYS3DMOD}/Capacitor_SMD.3dshapes/C_0805_2012Metric.wrl
      (at (xyz 0 0 0))
      (scale (xyz 1 1 1))
      (rotate (xyz 0 0 0))
    )
  )

  (module Capacitor_SMD:C_0805_2012Metric_Pad1.15x1.40mm_HandSolder (layer F.Cu) (tedit 5B36C52B) (tstamp 5C14443B)
    (at 174.655001 93.525001)
    (descr "Capacitor SMD 0805 (2012 Metric), square (rectangular) end terminal, IPC_7351 nominal with elongated pad for handsoldering. (Body size source: https://docs.google.com/spreadsheets/d/1BsfQQcO9C6DZCsRaXUlFlo91Tg2WpOkGARC1WS5S8t0/edit?usp=sharing), generated with kicad-footprint-generator")
    (tags "capacitor handsolder")
    (path /5BE73E32)
    (attr smd)
    (fp_text reference C5 (at 0 -1.65) (layer F.SilkS)
      (effects (font (size 1 1) (thickness 0.15)))
    )
    (fp_text value C (at 0 1.65) (layer F.Fab)
      (effects (font (size 1 1) (thickness 0.15)))
    )
    (fp_line (start -1 0.6) (end -1 -0.6) (layer F.Fab) (width 0.1))
    (fp_line (start -1 -0.6) (end 1 -0.6) (layer F.Fab) (width 0.1))
    (fp_line (start 1 -0.6) (end 1 0.6) (layer F.Fab) (width 0.1))
    (fp_line (start 1 0.6) (end -1 0.6) (layer F.Fab) (width 0.1))
    (fp_line (start -0.261252 -0.71) (end 0.261252 -0.71) (layer F.SilkS) (width 0.12))
    (fp_line (start -0.261252 0.71) (end 0.261252 0.71) (layer F.SilkS) (width 0.12))
    (fp_line (start -1.85 0.95) (end -1.85 -0.95) (layer F.CrtYd) (width 0.05))
    (fp_line (start -1.85 -0.95) (end 1.85 -0.95) (layer F.CrtYd) (width 0.05))
    (fp_line (start 1.85 -0.95) (end 1.85 0.95) (layer F.CrtYd) (width 0.05))
    (fp_line (start 1.85 0.95) (end -1.85 0.95) (layer F.CrtYd) (width 0.05))
    (fp_text user %R (at 0 0) (layer F.Fab)
      (effects (font (size 0.5 0.5) (thickness 0.08)))
    )
    (pad 1 smd roundrect (at -1.025 0) (size 1.15 1.4) (layers F.Cu F.Paste F.Mask) (roundrect_rratio 0.217391)
      (net 3 +5V))
    (pad 2 smd roundrect (at 1.025 0) (size 1.15 1.4) (layers F.Cu F.Paste F.Mask) (roundrect_rratio 0.217391)
      (net 1 GND))
    (model ${KISYS3DMOD}/Capacitor_SMD.3dshapes/C_0805_2012Metric.wrl
      (at (xyz 0 0 0))
      (scale (xyz 1 1 1))
      (rotate (xyz 0 0 0))
    )
  )

  (module Capacitor_SMD:C_0805_2012Metric_Pad1.15x1.40mm_HandSolder (layer F.Cu) (tedit 5B36C52B) (tstamp 5C14444C)
    (at 165.705001 102.875001)
    (descr "Capacitor SMD 0805 (2012 Metric), square (rectangular) end terminal, IPC_7351 nominal with elongated pad for handsoldering. (Body size source: https://docs.google.com/spreadsheets/d/1BsfQQcO9C6DZCsRaXUlFlo91Tg2WpOkGARC1WS5S8t0/edit?usp=sharing), generated with kicad-footprint-generator")
    (tags "capacitor handsolder")
    (path /5BE74570)
    (attr smd)
    (fp_text reference C6 (at 0 -1.65) (layer F.SilkS)
      (effects (font (size 1 1) (thickness 0.15)))
    )
    (fp_text value C (at 0 1.65) (layer F.Fab)
      (effects (font (size 1 1) (thickness 0.15)))
    )
    (fp_text user %R (at 0 0) (layer F.Fab)
      (effects (font (size 0.5 0.5) (thickness 0.08)))
    )
    (fp_line (start 1.85 0.95) (end -1.85 0.95) (layer F.CrtYd) (width 0.05))
    (fp_line (start 1.85 -0.95) (end 1.85 0.95) (layer F.CrtYd) (width 0.05))
    (fp_line (start -1.85 -0.95) (end 1.85 -0.95) (layer F.CrtYd) (width 0.05))
    (fp_line (start -1.85 0.95) (end -1.85 -0.95) (layer F.CrtYd) (width 0.05))
    (fp_line (start -0.261252 0.71) (end 0.261252 0.71) (layer F.SilkS) (width 0.12))
    (fp_line (start -0.261252 -0.71) (end 0.261252 -0.71) (layer F.SilkS) (width 0.12))
    (fp_line (start 1 0.6) (end -1 0.6) (layer F.Fab) (width 0.1))
    (fp_line (start 1 -0.6) (end 1 0.6) (layer F.Fab) (width 0.1))
    (fp_line (start -1 -0.6) (end 1 -0.6) (layer F.Fab) (width 0.1))
    (fp_line (start -1 0.6) (end -1 -0.6) (layer F.Fab) (width 0.1))
    (pad 2 smd roundrect (at 1.025 0) (size 1.15 1.4) (layers F.Cu F.Paste F.Mask) (roundrect_rratio 0.217391)
      (net 1 GND))
    (pad 1 smd roundrect (at -1.025 0) (size 1.15 1.4) (layers F.Cu F.Paste F.Mask) (roundrect_rratio 0.217391)
      (net 3 +5V))
    (model ${KISYS3DMOD}/Capacitor_SMD.3dshapes/C_0805_2012Metric.wrl
      (at (xyz 0 0 0))
      (scale (xyz 1 1 1))
      (rotate (xyz 0 0 0))
    )
  )

  (module Capacitor_SMD:C_0805_2012Metric_Pad1.15x1.40mm_HandSolder (layer F.Cu) (tedit 5B36C52B) (tstamp 5C14445D)
    (at 170.905001 97.425001)
    (descr "Capacitor SMD 0805 (2012 Metric), square (rectangular) end terminal, IPC_7351 nominal with elongated pad for handsoldering. (Body size source: https://docs.google.com/spreadsheets/d/1BsfQQcO9C6DZCsRaXUlFlo91Tg2WpOkGARC1WS5S8t0/edit?usp=sharing), generated with kicad-footprint-generator")
    (tags "capacitor handsolder")
    (path /5BE74CB6)
    (attr smd)
    (fp_text reference C7 (at 0 -1.65) (layer F.SilkS)
      (effects (font (size 1 1) (thickness 0.15)))
    )
    (fp_text value C (at 0 1.65) (layer F.Fab)
      (effects (font (size 1 1) (thickness 0.15)))
    )
    (fp_line (start -1 0.6) (end -1 -0.6) (layer F.Fab) (width 0.1))
    (fp_line (start -1 -0.6) (end 1 -0.6) (layer F.Fab) (width 0.1))
    (fp_line (start 1 -0.6) (end 1 0.6) (layer F.Fab) (width 0.1))
    (fp_line (start 1 0.6) (end -1 0.6) (layer F.Fab) (width 0.1))
    (fp_line (start -0.261252 -0.71) (end 0.261252 -0.71) (layer F.SilkS) (width 0.12))
    (fp_line (start -0.261252 0.71) (end 0.261252 0.71) (layer F.SilkS) (width 0.12))
    (fp_line (start -1.85 0.95) (end -1.85 -0.95) (layer F.CrtYd) (width 0.05))
    (fp_line (start -1.85 -0.95) (end 1.85 -0.95) (layer F.CrtYd) (width 0.05))
    (fp_line (start 1.85 -0.95) (end 1.85 0.95) (layer F.CrtYd) (width 0.05))
    (fp_line (start 1.85 0.95) (end -1.85 0.95) (layer F.CrtYd) (width 0.05))
    (fp_text user %R (at 0 0) (layer F.Fab)
      (effects (font (size 0.5 0.5) (thickness 0.08)))
    )
    (pad 1 smd roundrect (at -1.025 0) (size 1.15 1.4) (layers F.Cu F.Paste F.Mask) (roundrect_rratio 0.217391)
      (net 3 +5V))
    (pad 2 smd roundrect (at 1.025 0) (size 1.15 1.4) (layers F.Cu F.Paste F.Mask) (roundrect_rratio 0.217391)
      (net 1 GND))
    (model ${KISYS3DMOD}/Capacitor_SMD.3dshapes/C_0805_2012Metric.wrl
      (at (xyz 0 0 0))
      (scale (xyz 1 1 1))
      (rotate (xyz 0 0 0))
    )
  )

  (module Capacitor_SMD:C_0805_2012Metric_Pad1.15x1.40mm_HandSolder (layer F.Cu) (tedit 5B36C52B) (tstamp 5C14446E)
    (at 161.105001 107.725001)
    (descr "Capacitor SMD 0805 (2012 Metric), square (rectangular) end terminal, IPC_7351 nominal with elongated pad for handsoldering. (Body size source: https://docs.google.com/spreadsheets/d/1BsfQQcO9C6DZCsRaXUlFlo91Tg2WpOkGARC1WS5S8t0/edit?usp=sharing), generated with kicad-footprint-generator")
    (tags "capacitor handsolder")
    (path /5BE753F8)
    (attr smd)
    (fp_text reference C8 (at 0 -1.65) (layer F.SilkS)
      (effects (font (size 1 1) (thickness 0.15)))
    )
    (fp_text value C (at 0 1.65) (layer F.Fab)
      (effects (font (size 1 1) (thickness 0.15)))
    )
    (fp_text user %R (at 0 0) (layer F.Fab)
      (effects (font (size 0.5 0.5) (thickness 0.08)))
    )
    (fp_line (start 1.85 0.95) (end -1.85 0.95) (layer F.CrtYd) (width 0.05))
    (fp_line (start 1.85 -0.95) (end 1.85 0.95) (layer F.CrtYd) (width 0.05))
    (fp_line (start -1.85 -0.95) (end 1.85 -0.95) (layer F.CrtYd) (width 0.05))
    (fp_line (start -1.85 0.95) (end -1.85 -0.95) (layer F.CrtYd) (width 0.05))
    (fp_line (start -0.261252 0.71) (end 0.261252 0.71) (layer F.SilkS) (width 0.12))
    (fp_line (start -0.261252 -0.71) (end 0.261252 -0.71) (layer F.SilkS) (width 0.12))
    (fp_line (start 1 0.6) (end -1 0.6) (layer F.Fab) (width 0.1))
    (fp_line (start 1 -0.6) (end 1 0.6) (layer F.Fab) (width 0.1))
    (fp_line (start -1 -0.6) (end 1 -0.6) (layer F.Fab) (width 0.1))
    (fp_line (start -1 0.6) (end -1 -0.6) (layer F.Fab) (width 0.1))
    (pad 2 smd roundrect (at 1.025 0) (size 1.15 1.4) (layers F.Cu F.Paste F.Mask) (roundrect_rratio 0.217391)
      (net 1 GND))
    (pad 1 smd roundrect (at -1.025 0) (size 1.15 1.4) (layers F.Cu F.Paste F.Mask) (roundrect_rratio 0.217391)
      (net 3 +5V))
    (model ${KISYS3DMOD}/Capacitor_SMD.3dshapes/C_0805_2012Metric.wrl
      (at (xyz 0 0 0))
      (scale (xyz 1 1 1))
      (rotate (xyz 0 0 0))
    )
  )

  (module Capacitor_SMD:C_0805_2012Metric_Pad1.15x1.40mm_HandSolder (layer F.Cu) (tedit 5B36C52B) (tstamp 5C14447F)
    (at 178.205001 89.275001)
    (descr "Capacitor SMD 0805 (2012 Metric), square (rectangular) end terminal, IPC_7351 nominal with elongated pad for handsoldering. (Body size source: https://docs.google.com/spreadsheets/d/1BsfQQcO9C6DZCsRaXUlFlo91Tg2WpOkGARC1WS5S8t0/edit?usp=sharing), generated with kicad-footprint-generator")
    (tags "capacitor handsolder")
    (path /5BE75B3C)
    (attr smd)
    (fp_text reference C9 (at 0 -1.65) (layer F.SilkS)
      (effects (font (size 1 1) (thickness 0.15)))
    )
    (fp_text value C (at 0 1.65) (layer F.Fab)
      (effects (font (size 1 1) (thickness 0.15)))
    )
    (fp_line (start -1 0.6) (end -1 -0.6) (layer F.Fab) (width 0.1))
    (fp_line (start -1 -0.6) (end 1 -0.6) (layer F.Fab) (width 0.1))
    (fp_line (start 1 -0.6) (end 1 0.6) (layer F.Fab) (width 0.1))
    (fp_line (start 1 0.6) (end -1 0.6) (layer F.Fab) (width 0.1))
    (fp_line (start -0.261252 -0.71) (end 0.261252 -0.71) (layer F.SilkS) (width 0.12))
    (fp_line (start -0.261252 0.71) (end 0.261252 0.71) (layer F.SilkS) (width 0.12))
    (fp_line (start -1.85 0.95) (end -1.85 -0.95) (layer F.CrtYd) (width 0.05))
    (fp_line (start -1.85 -0.95) (end 1.85 -0.95) (layer F.CrtYd) (width 0.05))
    (fp_line (start 1.85 -0.95) (end 1.85 0.95) (layer F.CrtYd) (width 0.05))
    (fp_line (start 1.85 0.95) (end -1.85 0.95) (layer F.CrtYd) (width 0.05))
    (fp_text user %R (at 0 0) (layer F.Fab)
      (effects (font (size 0.5 0.5) (thickness 0.08)))
    )
    (pad 1 smd roundrect (at -1.025 0) (size 1.15 1.4) (layers F.Cu F.Paste F.Mask) (roundrect_rratio 0.217391)
      (net 3 +5V))
    (pad 2 smd roundrect (at 1.025 0) (size 1.15 1.4) (layers F.Cu F.Paste F.Mask) (roundrect_rratio 0.217391)
      (net 1 GND))
    (model ${KISYS3DMOD}/Capacitor_SMD.3dshapes/C_0805_2012Metric.wrl
      (at (xyz 0 0 0))
      (scale (xyz 1 1 1))
      (rotate (xyz 0 0 0))
    )
  )

  (module Capacitor_SMD:C_0805_2012Metric_Pad1.15x1.40mm_HandSolder (layer F.Cu) (tedit 5B36C52B) (tstamp 5C144490)
    (at 157.245001 109.745001)
    (descr "Capacitor SMD 0805 (2012 Metric), square (rectangular) end terminal, IPC_7351 nominal with elongated pad for handsoldering. (Body size source: https://docs.google.com/spreadsheets/d/1BsfQQcO9C6DZCsRaXUlFlo91Tg2WpOkGARC1WS5S8t0/edit?usp=sharing), generated with kicad-footprint-generator")
    (tags "capacitor handsolder")
    (path /5F4B85D3)
    (attr smd)
    (fp_text reference C10 (at 0 -1.65) (layer F.SilkS)
      (effects (font (size 1 1) (thickness 0.15)))
    )
    (fp_text value C (at 0 1.65) (layer F.Fab)
      (effects (font (size 1 1) (thickness 0.15)))
    )
    (fp_line (start -1 0.6) (end -1 -0.6) (layer F.Fab) (width 0.1))
    (fp_line (start -1 -0.6) (end 1 -0.6) (layer F.Fab) (width 0.1))
    (fp_line (start 1 -0.6) (end 1 0.6) (layer F.Fab) (width 0.1))
    (fp_line (start 1 0.6) (end -1 0.6) (layer F.Fab) (width 0.1))
    (fp_line (start -0.261252 -0.71) (end 0.261252 -0.71) (layer F.SilkS) (width 0.12))
    (fp_line (start -0.261252 0.71) (end 0.261252 0.71) (layer F.SilkS) (width 0.12))
    (fp_line (start -1.85 0.95) (end -1.85 -0.95) (layer F.CrtYd) (width 0.05))
    (fp_line (start -1.85 -0.95) (end 1.85 -0.95) (layer F.CrtYd) (width 0.05))
    (fp_line (start 1.85 -0.95) (end 1.85 0.95) (layer F.CrtYd) (width 0.05))
    (fp_line (start 1.85 0.95) (end -1.85 0.95) (layer F.CrtYd) (width 0.05))
    (fp_text user %R (at 0 0) (layer F.Fab)
      (effects (font (size 0.5 0.5) (thickness 0.08)))
    )
    (pad 1 smd roundrect (at -1.025 0) (size 1.15 1.4) (layers F.Cu F.Paste F.Mask) (roundrect_rratio 0.217391)
      (net 4 +3V3))
    (pad 2 smd roundrect (at 1.025 0) (size 1.15 1.4) (layers F.Cu F.Paste F.Mask) (roundrect_rratio 0.217391)
      (net 1 GND))
    (model ${KISYS3DMOD}/Capacitor_SMD.3dshapes/C_0805_2012Metric.wrl
      (at (xyz 0 0 0))
      (scale (xyz 1 1 1))
      (rotate (xyz 0 0 0))
    )
  )

  (module Capacitor_SMD:C_0805_2012Metric_Pad1.15x1.40mm_HandSolder (layer F.Cu) (tedit 5B36C52B) (tstamp 5C1444A1)
    (at 170.905001 95.475001)
    (descr "Capacitor SMD 0805 (2012 Metric), square (rectangular) end terminal, IPC_7351 nominal with elongated pad for handsoldering. (Body size source: https://docs.google.com/spreadsheets/d/1BsfQQcO9C6DZCsRaXUlFlo91Tg2WpOkGARC1WS5S8t0/edit?usp=sharing), generated with kicad-footprint-generator")
    (tags "capacitor handsolder")
    (path /5F4DE0A2)
    (attr smd)
    (fp_text reference C11 (at 0 -1.65) (layer F.SilkS)
      (effects (font (size 1 1) (thickness 0.15)))
    )
    (fp_text value C (at 0 1.65) (layer F.Fab)
      (effects (font (size 1 1) (thickness 0.15)))
    )
    (fp_text user %R (at 0 0) (layer F.Fab)
      (effects (font (size 0.5 0.5) (thickness 0.08)))
    )
    (fp_line (start 1.85 0.95) (end -1.85 0.95) (layer F.CrtYd) (width 0.05))
    (fp_line (start 1.85 -0.95) (end 1.85 0.95) (layer F.CrtYd) (width 0.05))
    (fp_line (start -1.85 -0.95) (end 1.85 -0.95) (layer F.CrtYd) (width 0.05))
    (fp_line (start -1.85 0.95) (end -1.85 -0.95) (layer F.CrtYd) (width 0.05))
    (fp_line (start -0.261252 0.71) (end 0.261252 0.71) (layer F.SilkS) (width 0.12))
    (fp_line (start -0.261252 -0.71) (end 0.261252 -0.71) (layer F.SilkS) (width 0.12))
    (fp_line (start 1 0.6) (end -1 0.6) (layer F.Fab) (width 0.1))
    (fp_line (start 1 -0.6) (end 1 0.6) (layer F.Fab) (width 0.1))
    (fp_line (start -1 -0.6) (end 1 -0.6) (layer F.Fab) (width 0.1))
    (fp_line (start -1 0.6) (end -1 -0.6) (layer F.Fab) (width 0.1))
    (pad 2 smd roundrect (at 1.025 0) (size 1.15 1.4) (layers F.Cu F.Paste F.Mask) (roundrect_rratio 0.217391)
      (net 1 GND))
    (pad 1 smd roundrect (at -1.025 0) (size 1.15 1.4) (layers F.Cu F.Paste F.Mask) (roundrect_rratio 0.217391)
      (net 4 +3V3))
    (model ${KISYS3DMOD}/Capacitor_SMD.3dshapes/C_0805_2012Metric.wrl
      (at (xyz 0 0 0))
      (scale (xyz 1 1 1))
      (rotate (xyz 0 0 0))
    )
  )

  (module CANNode:OWN_KF141V-P4_simple (layer F.Cu) (tedit 5BE8AF3A) (tstamp 5C1444BD)
    (at 91.44 92.71)
    (path /5BE5A752)
    (fp_text reference J1 (at -10.16 1.27 90) (layer F.SilkS)
      (effects (font (size 1.2065 1.2065) (thickness 0.1016)) (justify left))
    )
    (fp_text value Conn_01x04 (at 0 0) (layer F.SilkS)
      (effects (font (size 1.27 1.27) (thickness 0.15)))
    )
    (fp_line (start -11.59 -8.08) (end -11.59 2.42) (layer F.SilkS) (width 0.127))
    (fp_line (start -11.59 -8.08) (end -9.09 -8.08) (layer F.SilkS) (width 0.127))
    (fp_line (start -9.09 -8.08) (end -6.55 -8.08) (layer F.SilkS) (width 0.127))
    (fp_line (start -6.55 -8.08) (end -4.01 -8.08) (layer F.SilkS) (width 0.127))
    (fp_line (start -4.01 -8.08) (end -1.47 -8.08) (layer F.SilkS) (width 0.127))
    (fp_line (start -1.47 2.42) (end -4.01 2.42) (layer F.SilkS) (width 0.127))
    (fp_line (start -4.01 2.42) (end -6.55 2.42) (layer F.SilkS) (width 0.127))
    (fp_line (start -6.55 2.42) (end -9.09 2.42) (layer F.SilkS) (width 0.127))
    (fp_line (start -9.09 2.42) (end -11.59 2.42) (layer F.SilkS) (width 0.127))
    (fp_line (start -9.09 -8.08) (end -9.09 2.42) (layer F.SilkS) (width 0.127))
    (fp_line (start -6.55 -8.08) (end -6.55 2.42) (layer F.SilkS) (width 0.127))
    (fp_line (start -4.01 -8.08) (end -4.01 2.42) (layer F.SilkS) (width 0.127))
    (fp_line (start -1.47 -8.08) (end -1.47 2.42) (layer F.SilkS) (width 0.127))
    (fp_line (start 1.07 -8.08) (end 1.07 2.42) (layer F.SilkS) (width 0.127))
    (fp_line (start -1.43 -8.08) (end 1.07 -8.08) (layer F.SilkS) (width 0.127))
    (fp_line (start -1.43 2.42) (end 1.07 2.42) (layer F.SilkS) (width 0.127))
    (pad 1 thru_hole oval (at -7.62 0 90) (size 3.016 1.508) (drill 1) (layers *.Cu *.Mask)
      (net 1 GND) (solder_mask_margin 0.1016))
    (pad 2 thru_hole oval (at -5.08 0 90) (size 3.016 1.508) (drill 1) (layers *.Cu *.Mask)
      (net 46 /CAN-) (solder_mask_margin 0.1016))
    (pad 3 thru_hole oval (at -2.54 0 90) (size 3.016 1.508) (drill 1) (layers *.Cu *.Mask)
      (net 47 /CAN+) (solder_mask_margin 0.1016))
    (pad 4 thru_hole oval (at 0 0 90) (size 3.016 1.508) (drill 1) (layers *.Cu *.Mask)
      (net 2 +12V) (solder_mask_margin 0.1016))
    (pad 1 thru_hole oval (at -7.62 -5.08 90) (size 3.016 1.508) (drill 1) (layers *.Cu *.Mask)
      (net 1 GND) (solder_mask_margin 0.1016))
    (pad 2 thru_hole oval (at -5.08 -5.08 90) (size 3.016 1.508) (drill 1) (layers *.Cu *.Mask)
      (net 46 /CAN-) (solder_mask_margin 0.1016))
    (pad 3 thru_hole oval (at -2.54 -5.08 90) (size 3.016 1.508) (drill 1) (layers *.Cu *.Mask)
      (net 47 /CAN+) (solder_mask_margin 0.1016))
    (pad 4 thru_hole oval (at 0 -5.08 90) (size 3.016 1.508) (drill 1) (layers *.Cu *.Mask)
      (net 2 +12V) (solder_mask_margin 0.1016))
  )

  (module CANNode:OWN_KF141V-P4_simple (layer F.Cu) (tedit 5BE8AF3A) (tstamp 5C1444D9)
    (at 105.41 92.71)
    (path /5BE5A7E0)
    (fp_text reference J2 (at -10.16 1.27 90) (layer F.SilkS)
      (effects (font (size 1.2065 1.2065) (thickness 0.1016)) (justify left))
    )
    (fp_text value Conn_01x04 (at 0 0) (layer F.SilkS)
      (effects (font (size 1.27 1.27) (thickness 0.15)))
    )
    (fp_line (start -11.59 -8.08) (end -11.59 2.42) (layer F.SilkS) (width 0.127))
    (fp_line (start -11.59 -8.08) (end -9.09 -8.08) (layer F.SilkS) (width 0.127))
    (fp_line (start -9.09 -8.08) (end -6.55 -8.08) (layer F.SilkS) (width 0.127))
    (fp_line (start -6.55 -8.08) (end -4.01 -8.08) (layer F.SilkS) (width 0.127))
    (fp_line (start -4.01 -8.08) (end -1.47 -8.08) (layer F.SilkS) (width 0.127))
    (fp_line (start -1.47 2.42) (end -4.01 2.42) (layer F.SilkS) (width 0.127))
    (fp_line (start -4.01 2.42) (end -6.55 2.42) (layer F.SilkS) (width 0.127))
    (fp_line (start -6.55 2.42) (end -9.09 2.42) (layer F.SilkS) (width 0.127))
    (fp_line (start -9.09 2.42) (end -11.59 2.42) (layer F.SilkS) (width 0.127))
    (fp_line (start -9.09 -8.08) (end -9.09 2.42) (layer F.SilkS) (width 0.127))
    (fp_line (start -6.55 -8.08) (end -6.55 2.42) (layer F.SilkS) (width 0.127))
    (fp_line (start -4.01 -8.08) (end -4.01 2.42) (layer F.SilkS) (width 0.127))
    (fp_line (start -1.47 -8.08) (end -1.47 2.42) (layer F.SilkS) (width 0.127))
    (fp_line (start 1.07 -8.08) (end 1.07 2.42) (layer F.SilkS) (width 0.127))
    (fp_line (start -1.43 -8.08) (end 1.07 -8.08) (layer F.SilkS) (width 0.127))
    (fp_line (start -1.43 2.42) (end 1.07 2.42) (layer F.SilkS) (width 0.127))
    (pad 1 thru_hole oval (at -7.62 0 90) (size 3.016 1.508) (drill 1) (layers *.Cu *.Mask)
      (net 1 GND) (solder_mask_margin 0.1016))
    (pad 2 thru_hole oval (at -5.08 0 90) (size 3.016 1.508) (drill 1) (layers *.Cu *.Mask)
      (net 46 /CAN-) (solder_mask_margin 0.1016))
    (pad 3 thru_hole oval (at -2.54 0 90) (size 3.016 1.508) (drill 1) (layers *.Cu *.Mask)
      (net 47 /CAN+) (solder_mask_margin 0.1016))
    (pad 4 thru_hole oval (at 0 0 90) (size 3.016 1.508) (drill 1) (layers *.Cu *.Mask)
      (net 2 +12V) (solder_mask_margin 0.1016))
    (pad 1 thru_hole oval (at -7.62 -5.08 90) (size 3.016 1.508) (drill 1) (layers *.Cu *.Mask)
      (net 1 GND) (solder_mask_margin 0.1016))
    (pad 2 thru_hole oval (at -5.08 -5.08 90) (size 3.016 1.508) (drill 1) (layers *.Cu *.Mask)
      (net 46 /CAN-) (solder_mask_margin 0.1016))
    (pad 3 thru_hole oval (at -2.54 -5.08 90) (size 3.016 1.508) (drill 1) (layers *.Cu *.Mask)
      (net 47 /CAN+) (solder_mask_margin 0.1016))
    (pad 4 thru_hole oval (at 0 -5.08 90) (size 3.016 1.508) (drill 1) (layers *.Cu *.Mask)
      (net 2 +12V) (solder_mask_margin 0.1016))
  )

  (module CANNode:OWN_KF141V-P4_simple (layer F.Cu) (tedit 5BE8AF3A) (tstamp 5C1444F5)
    (at 161.29 27.94)
    (path /5BE5B721)
    (fp_text reference J11 (at -10.16 1.27 90) (layer F.SilkS)
      (effects (font (size 1.2065 1.2065) (thickness 0.1016)) (justify left))
    )
    (fp_text value Conn_01x04 (at 0 0) (layer F.SilkS)
      (effects (font (size 1.27 1.27) (thickness 0.15)))
    )
    (fp_line (start -11.59 -8.08) (end -11.59 2.42) (layer F.SilkS) (width 0.127))
    (fp_line (start -11.59 -8.08) (end -9.09 -8.08) (layer F.SilkS) (width 0.127))
    (fp_line (start -9.09 -8.08) (end -6.55 -8.08) (layer F.SilkS) (width 0.127))
    (fp_line (start -6.55 -8.08) (end -4.01 -8.08) (layer F.SilkS) (width 0.127))
    (fp_line (start -4.01 -8.08) (end -1.47 -8.08) (layer F.SilkS) (width 0.127))
    (fp_line (start -1.47 2.42) (end -4.01 2.42) (layer F.SilkS) (width 0.127))
    (fp_line (start -4.01 2.42) (end -6.55 2.42) (layer F.SilkS) (width 0.127))
    (fp_line (start -6.55 2.42) (end -9.09 2.42) (layer F.SilkS) (width 0.127))
    (fp_line (start -9.09 2.42) (end -11.59 2.42) (layer F.SilkS) (width 0.127))
    (fp_line (start -9.09 -8.08) (end -9.09 2.42) (layer F.SilkS) (width 0.127))
    (fp_line (start -6.55 -8.08) (end -6.55 2.42) (layer F.SilkS) (width 0.127))
    (fp_line (start -4.01 -8.08) (end -4.01 2.42) (layer F.SilkS) (width 0.127))
    (fp_line (start -1.47 -8.08) (end -1.47 2.42) (layer F.SilkS) (width 0.127))
    (fp_line (start 1.07 -8.08) (end 1.07 2.42) (layer F.SilkS) (width 0.127))
    (fp_line (start -1.43 -8.08) (end 1.07 -8.08) (layer F.SilkS) (width 0.127))
    (fp_line (start -1.43 2.42) (end 1.07 2.42) (layer F.SilkS) (width 0.127))
    (pad 1 thru_hole oval (at -7.62 0 90) (size 3.016 1.508) (drill 1) (layers *.Cu *.Mask)
      (net 1 GND) (solder_mask_margin 0.1016))
    (pad 2 thru_hole oval (at -5.08 0 90) (size 3.016 1.508) (drill 1) (layers *.Cu *.Mask)
      (net 48 /OW14) (solder_mask_margin 0.1016))
    (pad 3 thru_hole oval (at -2.54 0 90) (size 3.016 1.508) (drill 1) (layers *.Cu *.Mask)
      (net 3 +5V) (solder_mask_margin 0.1016))
    (pad 4 thru_hole oval (at 0 0 90) (size 3.016 1.508) (drill 1) (layers *.Cu *.Mask)
      (net 5 "Net-(J11-Pad4)") (solder_mask_margin 0.1016))
    (pad 1 thru_hole oval (at -7.62 -5.08 90) (size 3.016 1.508) (drill 1) (layers *.Cu *.Mask)
      (net 1 GND) (solder_mask_margin 0.1016))
    (pad 2 thru_hole oval (at -5.08 -5.08 90) (size 3.016 1.508) (drill 1) (layers *.Cu *.Mask)
      (net 48 /OW14) (solder_mask_margin 0.1016))
    (pad 3 thru_hole oval (at -2.54 -5.08 90) (size 3.016 1.508) (drill 1) (layers *.Cu *.Mask)
      (net 3 +5V) (solder_mask_margin 0.1016))
    (pad 4 thru_hole oval (at 0 -5.08 90) (size 3.016 1.508) (drill 1) (layers *.Cu *.Mask)
      (net 5 "Net-(J11-Pad4)") (solder_mask_margin 0.1016))
  )

  (module CANNode:OWN_KF141V-P4_simple (layer F.Cu) (tedit 5BE8AF3A) (tstamp 5C144561)
    (at 154.94 59.69)
    (path /5BF2BE90)
    (fp_text reference J31 (at -10.16 1.27 90) (layer F.SilkS)
      (effects (font (size 1.2065 1.2065) (thickness 0.1016)) (justify left))
    )
    (fp_text value Conn_01x04 (at 0 0) (layer F.SilkS)
      (effects (font (size 1.27 1.27) (thickness 0.15)))
    )
    (fp_line (start -11.59 -8.08) (end -11.59 2.42) (layer F.SilkS) (width 0.127))
    (fp_line (start -11.59 -8.08) (end -9.09 -8.08) (layer F.SilkS) (width 0.127))
    (fp_line (start -9.09 -8.08) (end -6.55 -8.08) (layer F.SilkS) (width 0.127))
    (fp_line (start -6.55 -8.08) (end -4.01 -8.08) (layer F.SilkS) (width 0.127))
    (fp_line (start -4.01 -8.08) (end -1.47 -8.08) (layer F.SilkS) (width 0.127))
    (fp_line (start -1.47 2.42) (end -4.01 2.42) (layer F.SilkS) (width 0.127))
    (fp_line (start -4.01 2.42) (end -6.55 2.42) (layer F.SilkS) (width 0.127))
    (fp_line (start -6.55 2.42) (end -9.09 2.42) (layer F.SilkS) (width 0.127))
    (fp_line (start -9.09 2.42) (end -11.59 2.42) (layer F.SilkS) (width 0.127))
    (fp_line (start -9.09 -8.08) (end -9.09 2.42) (layer F.SilkS) (width 0.127))
    (fp_line (start -6.55 -8.08) (end -6.55 2.42) (layer F.SilkS) (width 0.127))
    (fp_line (start -4.01 -8.08) (end -4.01 2.42) (layer F.SilkS) (width 0.127))
    (fp_line (start -1.47 -8.08) (end -1.47 2.42) (layer F.SilkS) (width 0.127))
    (fp_line (start 1.07 -8.08) (end 1.07 2.42) (layer F.SilkS) (width 0.127))
    (fp_line (start -1.43 -8.08) (end 1.07 -8.08) (layer F.SilkS) (width 0.127))
    (fp_line (start -1.43 2.42) (end 1.07 2.42) (layer F.SilkS) (width 0.127))
    (pad 1 thru_hole oval (at -7.62 0 90) (size 3.016 1.508) (drill 1) (layers *.Cu *.Mask)
      (net 1 GND) (solder_mask_margin 0.1016))
    (pad 2 thru_hole oval (at -5.08 0 90) (size 3.016 1.508) (drill 1) (layers *.Cu *.Mask)
      (net 8 "Net-(J31-Pad2)") (solder_mask_margin 0.1016))
    (pad 3 thru_hole oval (at -2.54 0 90) (size 3.016 1.508) (drill 1) (layers *.Cu *.Mask)
      (net 9 "Net-(J31-Pad3)") (solder_mask_margin 0.1016))
    (pad 4 thru_hole oval (at 0 0 90) (size 3.016 1.508) (drill 1) (layers *.Cu *.Mask)
      (net 10 "Net-(J31-Pad4)") (solder_mask_margin 0.1016))
    (pad 1 thru_hole oval (at -7.62 -5.08 90) (size 3.016 1.508) (drill 1) (layers *.Cu *.Mask)
      (net 1 GND) (solder_mask_margin 0.1016))
    (pad 2 thru_hole oval (at -5.08 -5.08 90) (size 3.016 1.508) (drill 1) (layers *.Cu *.Mask)
      (net 8 "Net-(J31-Pad2)") (solder_mask_margin 0.1016))
    (pad 3 thru_hole oval (at -2.54 -5.08 90) (size 3.016 1.508) (drill 1) (layers *.Cu *.Mask)
      (net 9 "Net-(J31-Pad3)") (solder_mask_margin 0.1016))
    (pad 4 thru_hole oval (at 0 -5.08 90) (size 3.016 1.508) (drill 1) (layers *.Cu *.Mask)
      (net 10 "Net-(J31-Pad4)") (solder_mask_margin 0.1016))
  )

  (module CANNode:OWN_KF141V-P4_simple (layer F.Cu) (tedit 5BE8AF3A) (tstamp 5C14457D)
    (at 152.4 142.24)
    (path /5C608256)
    (fp_text reference J41 (at -10.16 1.27 90) (layer F.SilkS)
      (effects (font (size 1.2065 1.2065) (thickness 0.1016)) (justify left))
    )
    (fp_text value Conn_01x04 (at 0 0) (layer F.SilkS)
      (effects (font (size 1.27 1.27) (thickness 0.15)))
    )
    (fp_line (start -1.43 2.42) (end 1.07 2.42) (layer F.SilkS) (width 0.127))
    (fp_line (start -1.43 -8.08) (end 1.07 -8.08) (layer F.SilkS) (width 0.127))
    (fp_line (start 1.07 -8.08) (end 1.07 2.42) (layer F.SilkS) (width 0.127))
    (fp_line (start -1.47 -8.08) (end -1.47 2.42) (layer F.SilkS) (width 0.127))
    (fp_line (start -4.01 -8.08) (end -4.01 2.42) (layer F.SilkS) (width 0.127))
    (fp_line (start -6.55 -8.08) (end -6.55 2.42) (layer F.SilkS) (width 0.127))
    (fp_line (start -9.09 -8.08) (end -9.09 2.42) (layer F.SilkS) (width 0.127))
    (fp_line (start -9.09 2.42) (end -11.59 2.42) (layer F.SilkS) (width 0.127))
    (fp_line (start -6.55 2.42) (end -9.09 2.42) (layer F.SilkS) (width 0.127))
    (fp_line (start -4.01 2.42) (end -6.55 2.42) (layer F.SilkS) (width 0.127))
    (fp_line (start -1.47 2.42) (end -4.01 2.42) (layer F.SilkS) (width 0.127))
    (fp_line (start -4.01 -8.08) (end -1.47 -8.08) (layer F.SilkS) (width 0.127))
    (fp_line (start -6.55 -8.08) (end -4.01 -8.08) (layer F.SilkS) (width 0.127))
    (fp_line (start -9.09 -8.08) (end -6.55 -8.08) (layer F.SilkS) (width 0.127))
    (fp_line (start -11.59 -8.08) (end -9.09 -8.08) (layer F.SilkS) (width 0.127))
    (fp_line (start -11.59 -8.08) (end -11.59 2.42) (layer F.SilkS) (width 0.127))
    (pad 4 thru_hole oval (at 0 -5.08 90) (size 3.016 1.508) (drill 1) (layers *.Cu *.Mask)
      (net 11 "Net-(J41-Pad4)") (solder_mask_margin 0.1016))
    (pad 3 thru_hole oval (at -2.54 -5.08 90) (size 3.016 1.508) (drill 1) (layers *.Cu *.Mask)
      (net 51 /D1+) (solder_mask_margin 0.1016))
    (pad 2 thru_hole oval (at -5.08 -5.08 90) (size 3.016 1.508) (drill 1) (layers *.Cu *.Mask)
      (net 52 /D1-) (solder_mask_margin 0.1016))
    (pad 1 thru_hole oval (at -7.62 -5.08 90) (size 3.016 1.508) (drill 1) (layers *.Cu *.Mask)
      (net 1 GND) (solder_mask_margin 0.1016))
    (pad 4 thru_hole oval (at 0 0 90) (size 3.016 1.508) (drill 1) (layers *.Cu *.Mask)
      (net 11 "Net-(J41-Pad4)") (solder_mask_margin 0.1016))
    (pad 3 thru_hole oval (at -2.54 0 90) (size 3.016 1.508) (drill 1) (layers *.Cu *.Mask)
      (net 51 /D1+) (solder_mask_margin 0.1016))
    (pad 2 thru_hole oval (at -5.08 0 90) (size 3.016 1.508) (drill 1) (layers *.Cu *.Mask)
      (net 52 /D1-) (solder_mask_margin 0.1016))
    (pad 1 thru_hole oval (at -7.62 0 90) (size 3.016 1.508) (drill 1) (layers *.Cu *.Mask)
      (net 1 GND) (solder_mask_margin 0.1016))
  )

  (module Connector_PinHeader_2.54mm:PinHeader_1x02_P2.54mm_Vertical (layer F.Cu) (tedit 59FED5CC) (tstamp 5C1445E7)
    (at 121.92 72.39 180)
    (descr "Through hole straight pin header, 1x02, 2.54mm pitch, single row")
    (tags "Through hole pin header THT 1x02 2.54mm single row")
    (path /5F46C9B4)
    (fp_text reference J51 (at 0 -2.33 180) (layer F.SilkS)
      (effects (font (size 1 1) (thickness 0.15)))
    )
    (fp_text value Conn_01x02 (at 0 4.87 180) (layer F.Fab)
      (effects (font (size 1 1) (thickness 0.15)))
    )
    (fp_text user %R (at 0 1.27 270) (layer F.Fab)
      (effects (font (size 1 1) (thickness 0.15)))
    )
    (fp_line (start 1.8 -1.8) (end -1.8 -1.8) (layer F.CrtYd) (width 0.05))
    (fp_line (start 1.8 4.35) (end 1.8 -1.8) (layer F.CrtYd) (width 0.05))
    (fp_line (start -1.8 4.35) (end 1.8 4.35) (layer F.CrtYd) (width 0.05))
    (fp_line (start -1.8 -1.8) (end -1.8 4.35) (layer F.CrtYd) (width 0.05))
    (fp_line (start -1.33 -1.33) (end 0 -1.33) (layer F.SilkS) (width 0.12))
    (fp_line (start -1.33 0) (end -1.33 -1.33) (layer F.SilkS) (width 0.12))
    (fp_line (start -1.33 1.27) (end 1.33 1.27) (layer F.SilkS) (width 0.12))
    (fp_line (start 1.33 1.27) (end 1.33 3.87) (layer F.SilkS) (width 0.12))
    (fp_line (start -1.33 1.27) (end -1.33 3.87) (layer F.SilkS) (width 0.12))
    (fp_line (start -1.33 3.87) (end 1.33 3.87) (layer F.SilkS) (width 0.12))
    (fp_line (start -1.27 -0.635) (end -0.635 -1.27) (layer F.Fab) (width 0.1))
    (fp_line (start -1.27 3.81) (end -1.27 -0.635) (layer F.Fab) (width 0.1))
    (fp_line (start 1.27 3.81) (end -1.27 3.81) (layer F.Fab) (width 0.1))
    (fp_line (start 1.27 -1.27) (end 1.27 3.81) (layer F.Fab) (width 0.1))
    (fp_line (start -0.635 -1.27) (end 1.27 -1.27) (layer F.Fab) (width 0.1))
    (pad 2 thru_hole oval (at 0 2.54 180) (size 1.7 1.7) (drill 1) (layers *.Cu *.Mask)
      (net 18 "Net-(J51-Pad2)"))
    (pad 1 thru_hole rect (at 0 0 180) (size 1.7 1.7) (drill 1) (layers *.Cu *.Mask)
      (net 1 GND))
    (model ${KISYS3DMOD}/Connector_PinHeader_2.54mm.3dshapes/PinHeader_1x02_P2.54mm_Vertical.wrl
      (at (xyz 0 0 0))
      (scale (xyz 1 1 1))
      (rotate (xyz 0 0 0))
    )
  )

  (module Connector_PinHeader_2.54mm:PinHeader_1x10_P2.54mm_Vertical (layer F.Cu) (tedit 59FED5CC) (tstamp 5C144636)
    (at 121.285 36.83 270)
    (descr "Through hole straight pin header, 1x10, 2.54mm pitch, single row")
    (tags "Through hole pin header THT 1x10 2.54mm single row")
    (path /5BE5B2FB)
